-,-,-
-515.380859, 70.800781, 828.613281
-510.009766, 88.378906, 892.578125
-508.056641, 51.269531, 846.679688
-593.994141, 61.523438, 833.496094
-482.177734, 64.453125, 856.445312
-575.927734, 83.496094, 826.171875
-531.005859, 11.718750, 868.652344
-477.783203, 100.097656, 878.906250
-,-,-
-154.052734, 71.289062, 997.558594
-152.099609, 43.945312, 1009.765625
-105.224609, 89.843750, 972.656250
-,-,-
-226.318359, 155.273438, 964.355469
-346.435547, 152.832031, 904.785156
-230.712891, 165.039062, 970.703125
-298.583984, 169.433594, 899.902344
-280.029297, 173.828125, 929.687500
-361.083984, 180.664062, 940.429688
-361.572266, 207.519531, 900.878906
-263.916016, 125.976562, 964.355469
-370.849609, 160.156250, 934.570312
-422.119141, 198.242188, 811.523438
-,-,-
129.882812, -48.095703, 980.468750
-58.837891, 19.531250, 940.429688
60.546875, 86.425781, 1032.714844
89.843750, 37.597656, 937.500000
-80.810547, 108.398438, 925.781250
-,-,-
-47.119141, 10.742188, 1019.531250
-,-,-
-31.005859, 66.406250, 952.148438
-225.341797, 159.179688, 970.214844
-6.591797, 55.664062, 942.382812
-,-,-
0.488281, 74.218750, 1015.625000
-154.052734, 156.738281, 989.257812
-65.185547, 70.800781, 1021.484375
-,-,-
-83.740234, 99.121094, 960.449219
-238.525391, 159.179688, 973.632812
-,-,-
-27.099609, 59.570312, 989.257812
-259.521484, 159.179688, 971.679688
-38.330078, 45.898438, 1033.203125
-,-,-
-119.384766, 67.871094, 979.492188
-197.021484, 103.515625, 967.773438
-43.701172, 32.714844, 1049.804688
-,-,-
-111.083984, 83.007812, 1023.925781
-198.486328, 137.695312, 985.351562
-99.365234, 88.867188, 985.351562
-,-,-
-156.982422, 107.421875, 1000.488281
-172.607422, 115.722656, 1017.578125
-213.134766, 56.152344, 960.449219
-,-,-
-159.423828, 73.242188, 1032.714844
-125.732422, 89.843750, 994.140625
-246.337891, 128.906250, 979.492188
-,-,-
-114.990234, 154.785156, 941.406250
-390.869141, 225.585938, 872.558594
-114.013672, 94.238281, 963.378906
-,-,-
-167.236328, 151.855469, 968.750000
-274.169922, 257.812500, 937.500000
-182.861328, 124.023438, 935.058594
-,-,-
-213.134766, 163.085938, 958.007812
-273.193359, 204.101562, 934.570312
-200.927734, 118.652344, 969.726562
-,-,-
-277.587891, 190.429688, 882.812500
-382.080078, 218.750000, 916.015625
-309.814453, 163.085938, 939.453125
-354.248047, 118.652344, 903.808594
-,-,-
-414.794922, 216.308594, 855.468750
-431.396484, 219.726562, 900.878906
-,-,-
-400.634766, 246.093750, 895.507812
-528.564453, 327.148438, 789.062500
-421.630859, 213.867188, 865.722656
-,-,-
-434.326172, 251.953125, 841.796875
-489.013672, 259.277344, 810.546875
-408.447266, 193.359375, 916.015625
-,-,-
-396.728516, 236.328125, 852.539062
-503.662109, 242.187500, 830.078125
-397.705078, 191.406250, 898.925781
-,-,-
-422.119141, 225.585938, 879.882812
-501.708984, 279.296875, 801.757812
-402.587891, 211.914062, 857.421875
-,-,-
-430.908203, 239.746094, 844.726562
-528.076172, 290.527344, 776.855469
-421.142578, 198.730469, 862.304688
-,-,-
-377.685547, 209.960938, 895.507812
-493.408203, 300.781250, 803.222656
-427.001953, 216.308594, 855.468750
-379.150391, 183.105469, 931.152344
-450.927734, 138.671875, 883.789062
-439.208984, 165.039062, 932.128906
-468.505859, 245.117188, 838.867188
-484.619141, 232.421875, 868.652344
-430.908203, 174.804688, 832.519531
-,-,-
-447.021484, 230.468750, 866.699219
-443.115234, 223.632812, 851.562500
-,-,-
-362.060547, 237.792969, 840.820312
-558.349609, 295.898438, 793.945312
-401.123047, 213.867188, 868.652344
-342.041016, 175.781250, 931.640625
-,-,-
-378.173828, 242.187500, 879.882812
-509.033203, 258.300781, 820.312500
-391.357422, 220.214844, 884.765625
-,-,-
-497.802734, 186.523438, 905.761719
-482.666016, 203.613281, 840.332031
-447.998047, 245.117188, 833.496094
-422.119141, 229.492188, 863.281250
-424.560547, 215.820312, 878.906250
-,-,-
-445.556641, 232.421875, 838.378906
-468.017578, 218.261719, 850.585938
-418.701172, 218.261719, 882.812500
-441.162109, 199.707031, 875.976562
-462.158203, 202.148438, 872.070312
-436.279297, 205.566406, 875.000000
-429.931641, 210.937500, 868.652344
-437.744141, 210.937500, 883.789062
-,-,-
-381.103516, 189.453125, 906.250000
-443.115234, 179.687500, 875.000000
-402.587891, 188.476562, 876.953125
-,-,-
-409.912109, 78.125000, 984.375000
-349.365234, 200.683594, 862.304688
-458.740234, 185.058594, 916.015625
-473.876953, 157.226562, 837.890625
-405.517578, 193.359375, 923.828125
-287.353516, 82.519531, 944.335938
-426.025391, 194.335938, 895.019531
-457.763672, 213.867188, 853.515625
-421.142578, 187.500000, 889.648438
-,-,-
-324.951172, 169.921875, 909.179688
-406.982422, 150.390625, 916.015625
-,-,-
-520.263672, 186.523438, 864.257812
-408.935547, 147.949219, 876.953125
-339.111328, 94.726562, 925.781250
-363.525391, 146.972656, 900.878906
-,-,-
-403.076172, 145.507812, 896.484375
-413.330078, 178.710938, 882.812500
-388.916016, 140.625000, 902.832031
-396.240234, 156.738281, 879.882812
-360.107422, 121.093750, 904.785156
-,-,-
-433.837891, 200.683594, 875.000000
-433.349609, 145.019531, 881.835938
-377.197266, 122.558594, 916.015625
-411.376953, 174.316406, 868.652344
-397.216797, 94.726562, 935.058594
-,-,-
-387.939453, 183.105469, 895.507812
-475.830078, 203.125000, 861.328125
-387.939453, 176.757812, 904.785156
-,-,-
-414.306641, 207.519531, 879.882812
-499.267578, 189.453125, 851.562500
-414.794922, 163.574219, 922.851562
-,-,-
-444.580078, 212.890625, 843.750000
-483.642578, 190.429688, 826.171875
-405.029297, 141.601562, 925.781250
-,-,-
307.617188, 10.742188, 917.968750
214.355469, 45.898438, 976.562500
215.332031, 46.386719, 1007.812500
-,-,-
360.839844, 50.292969, 875.976562
382.324219, -28.076172, 976.562500
392.578125, -32.470703, 878.906250
-,-,-
119.628906, 48.339844, 1006.835938
172.363281, 59.570312, 903.808594
315.429688, 4.882812, 934.082031
225.585938, -4.638672, 922.851562
-,-,-
-1.220703, 112.304688, 944.335938
16.601562, 108.398438, 969.726562
104.492188, 81.054688, 977.539062
-,-,-
22.949219, 128.906250, 975.585938
-72.509766, 145.996094, 959.960938
101.074219, 65.917969, 993.652344
-,-,-
-28.076172, 143.554688, 931.152344
-117.919922, 174.804688, 883.789062
75.195312, 83.496094, 1038.085938
125.488281, 98.632812, 946.289062
16.601562, 120.605469, 998.535156
41.503906, 90.820312, 1003.906250
57.128906, 121.093750, 992.187500
5.371094, 118.652344, 986.328125
77.636719, 82.031250, 1020.507812
61.523438, 104.492188, 962.402344
14.160156, 113.281250, 984.375000
41.015625, 101.562500, 1003.906250
38.085938, 101.074219, 990.234375
38.085938, 97.656250, 995.605469
71.777344, 100.097656, 1005.859375
33.691406, 117.675781, 972.656250
34.667969, 118.652344, 947.265625
-,-,-
37.597656, 122.070312, 1030.761719
-22.705078, 154.785156, 982.421875
-0.732422, 163.085938, 936.523438
13.183594, 109.375000, 990.234375
29.296875, 124.023438, 992.675781
17.578125, 110.351562, 993.164062
18.066406, 119.140625, 999.511719
-32.470703, 105.468750, 968.750000
27.343750, 99.121094, 997.558594
15.136719, 100.585938, 990.234375
35.156250, 78.125000, 975.585938
37.109375, 99.121094, 992.187500
-1.708984, 85.937500, 971.679688
22.949219, 100.097656, 1002.929688
3.906250, 108.398438, 990.234375
-4.150391, 108.398438, 990.234375
42.480469, 106.445312, 999.023438
21.972656, 113.281250, 969.726562
14.648438, 117.675781, 982.421875
-,-,-
-56.396484, 117.187500, 974.609375
-33.935547, 130.371094, 989.257812
-2.685547, 98.632812, 976.562500
-,-,-
-38.330078, 125.976562, 960.937500
-109.619141, 182.128906, 974.609375
-33.447266, 116.210938, 955.566406
-14.404297, -55.419922, 943.359375
-,-,-
-59.326172, 114.257812, 1001.464844
-117.919922, 158.203125, 953.125000
-32.958984, 113.281250, 1001.953125
-,-,-
-56.884766, 106.445312, 979.492188
-138.427734, 151.367188, 947.265625
-41.748047, 103.515625, 996.093750
-43.701172, 104.492188, 987.304688
-29.052734, 82.031250, 992.187500
-53.466797, 102.050781, 996.582031
5.371094, 72.265625, 1022.460938
7.812500, 76.171875, 965.332031
-29.541016, 82.031250, 1000.000000
-57.373047, 99.121094, 1014.648438
-1.708984, 90.332031, 982.421875
-44.189453, 99.121094, 993.652344
-55.419922, 116.210938, 988.281250
-21.240234, 79.101562, 993.652344
-48.095703, 93.750000, 995.605469
-48.095703, 96.679688, 1002.929688
-39.306641, 92.773438, 980.468750
-4.638672, 84.472656, 978.515625
-,-,-
-61.279297, 118.652344, 983.398438
-94.970703, 134.765625, 974.609375
-101.806641, 128.906250, 992.187500
-53.955078, 59.082031, 947.265625
18.066406, 13.183594, 1073.242188
62.011719, -3.662109, 985.351562
-52.490234, 122.558594, 1044.921875
-187.255859, 201.660156, 939.453125
-27.099609, 53.222656, 1029.785156
-35.888672, 84.472656, 992.187500
-62.744141, 80.078125, 1000.976562
-51.025391, 78.125000, 983.398438
-50.048828, 83.007812, 982.421875
-42.724609, 76.171875, 1000.488281
-48.095703, 57.617188, 997.558594
-31.494141, 69.824219, 999.023438
-63.232422, 79.101562, 994.628906
-31.005859, 52.246094, 992.187500
-42.724609, 76.171875, 994.140625
-50.537109, 97.656250, 974.609375
-,-,-
-122.802734, 163.085938, 948.242188
-176.025391, 171.386719, 934.570312
-49.560547, 111.328125, 991.210938
-48.095703, 24.414062, 983.398438
-,-,-
-187.255859, 175.781250, 930.664062
-181.396484, 181.152344, 912.109375
-48.583984, 145.507812, 996.582031
-66.162109, 122.070312, 962.402344
-,-,-
-170.166016, 168.457031, 936.035156
-70.068359, 98.144531, 994.628906
-40.771484, 84.472656, 1000.000000
-62.744141, 77.148438, 975.585938
-,-,-
-112.060547, 153.808594, 945.312500
-168.701172, 190.429688, 958.007812
-68.115234, 114.257812, 1010.742188
-47.119141, 102.050781, 939.453125
-,-,-
-160.400391, 129.882812, 985.351562
-191.650391, 199.218750, 928.710938
-72.509766, 135.253906, 994.628906
-65.673828, 120.117188, 940.429688
-,-,-
-171.630859, 155.273438, 966.796875
-78.369141, 118.652344, 1009.765625
-59.326172, 117.675781, 979.492188
-,-,-
-149.169922, 172.851562, 977.539062
-71.533203, 117.675781, 997.558594
-106.201172, 119.628906, 970.214844
-89.111328, 102.050781, 972.656250
-,-,-
-171.630859, 171.875000, 976.562500
-62.744141, 118.652344, 1000.976562
-77.392578, 103.515625, 986.328125
-86.181641, 122.070312, 970.703125
-,-,-
-130.615234, 176.757812, 964.355469
-111.572266, 119.140625, 977.539062
-59.326172, 102.050781, 1003.906250
-61.279297, 97.656250, 958.007812
-,-,-
-174.072266, 161.132812, 987.304688
-94.482422, 132.812500, 975.585938
-81.298828, 130.859375, 990.234375
-90.576172, 132.812500, 957.031250
-,-,-
-136.962891, 170.410156, 959.960938
-135.986328, 178.710938, 953.125000
-73.974609, 125.000000, 995.117188
-63.720703, 83.496094, 983.398438
-,-,-
-59.326172, 125.000000, 1001.953125
-203.857422, 180.664062, 977.539062
-15.869141, 110.351562, 971.679688
-98.388672, 115.234375, 951.171875
-,-,-
-159.423828, 151.855469, 960.937500
-135.986328, 144.531250, 959.960938
-48.095703, 91.796875, 1008.789062
-85.205078, 117.675781, 982.421875
-,-,-
-118.408203, 125.976562, 937.500000
-111.572266, 131.347656, 1002.929688
-65.673828, 113.769531, 976.562500
-95.947266, 114.257812, 967.773438
-,-,-
-152.587891, 166.015625, 952.148438
-47.119141, 87.402344, 993.164062
-86.181641, 102.050781, 973.632812
-,-,-
-81.787109, 110.351562, 984.375000
-232.666016, 240.234375, 942.382812
-93.017578, 123.046875, 998.535156
-79.345703, 95.703125, 958.007812
-,-,-
-118.408203, 111.328125, 959.960938
-138.427734, 151.855469, 951.171875
-105.712891, 120.117188, 1007.812500
-104.736328, 108.398438, 953.125000
-,-,-
-187.255859, 143.554688, 946.289062
-225.341797, 222.656250, 938.476562
-80.322266, 140.136719, 962.402344
-85.693359, 122.070312, 968.750000
-,-,-
-130.615234, 135.253906, 986.328125
-138.427734, 167.968750, 948.242188
-118.408203, 96.679688, 998.535156
-109.619141, 99.609375, 988.281250
-114.990234, 100.097656, 987.304688
-113.037109, 105.468750, 1003.906250
-112.060547, 96.191406, 995.605469
-118.408203, 110.351562, 990.234375
-112.548828, 93.750000, 995.117188
-124.267578, 110.351562, 974.609375
-125.732422, 112.304688, 987.304688
-121.337891, 124.023438, 957.031250
-73.974609, 48.828125, 994.140625
