-,-,-
-42.236328, -83.251953, 953.613281
-97.412109, -15.380859, 972.656250
-143.798828, -45.654297, 1052.734375
-60.302734, -58.349609, 1039.062500
-68.115234, -117.431641, 1205.078125
-107.666016, -85.205078, 1234.375000
-33.447266, -42.724609, 1108.398438
-45.166016, -11.474609, 978.515625
-75.927734, 20.996094, 1045.898438
-58.349609, -15.380859, 1027.343750
-77.392578, -25.146484, 994.140625
-114.990234, -10.986328, 964.355469
-105.224609, -2.685547, 914.062500
-74.951172, 27.343750, 869.628906
-63.232422, 32.714844, 785.156250
-98.388672, 70.312500, 762.695312
-39.306641, 16.601562, 744.140625
-131.591797, 49.316406, 742.187500
-72.021484, 0.488281, 779.296875
-74.951172, -21.240234, 861.328125
-71.533203, -93.505859, 952.148438
41.992188, -183.349609, 1059.082031
77.148438, -146.728516, 990.722656
18.554688, -113.525391, 1202.148438
27.832031, -217.041016, 1013.671875
-200.439453, -113.525391, 1555.664062
77.148438, -54.443359, 893.554688
-31.494141, -35.400391, 969.726562
-108.642578, -100.341797, 1008.789062
-115.966797, -85.205078, 981.445312
-103.759766, -60.302734, 1046.875000
-25.146484, -20.263672, 930.175781
-,-,-
-47.119141, -76.904297, 1000.976562
42.968750, -124.755859, 968.750000
-10.498047, -80.810547, 1027.832031
4.882812, -107.177734, 965.332031
9.765625, -103.759766, 1023.437500
-41.748047, -108.154297, 972.656250
-44.677734, -122.802734, 1136.718750
-32.470703, -150.146484, 1152.343750
-24.658203, -114.013672, 1110.351562
-25.634766, -118.896484, 1021.484375
15.136719, -160.888672, 984.375000
-2.197266, -127.685547, 1067.382812
-64.697266, -120.849609, 963.378906
-64.208984, -114.501953, 1021.484375
-45.654297, -100.830078, 927.246094
-35.888672, -74.951172, 958.007812
-16.845703, -73.974609, 952.148438
-2.685547, -66.162109, 916.992188
-34.423828, -29.052734, 916.015625
-5.615234, -26.123047, 888.671875
-55.419922, 12.695312, 893.554688
-35.888672, 3.906250, 867.675781
-48.583984, 4.394531, 852.539062
-74.951172, 9.765625, 873.046875
-14.892578, -44.677734, 887.695312
-12.451172, -54.443359, 935.546875
0.000000, -68.603516, 954.101562
11.230469, -77.880859, 990.234375
37.109375, -104.248047, 1032.714844
29.296875, -101.806641, 1009.765625
11.718750, -89.599609, 1053.710938
72.753906, -135.009766, 1030.761719
39.550781, -120.361328, 1006.835938
58.593750, -119.873047, 988.281250
5.371094, -109.130859, 950.195312
4.394531, -99.853516, 1036.621094
-11.474609, -124.755859, 913.085938
-74.951172, -124.755859, 1332.519531
31.738281, -37.841797, 904.785156
-,-,-
5.859375, -78.857422, 989.257812
34.179688, -85.693359, 986.328125
12.695312, -68.115234, 993.164062
38.574219, -85.205078, 1007.812500
-55.908203, -42.724609, 1059.570312
-8.056641, -151.123047, 1277.343750
-23.193359, -97.412109, 1204.101562
-3.662109, -70.068359, 1103.515625
-9.033203, -38.818359, 1020.507812
13.183594, -37.353516, 997.558594
-56.884766, -9.521484, 960.937500
-86.181641, -12.451172, 925.781250
-74.951172, 1.953125, 933.105469
-87.158203, 18.066406, 881.835938
-66.162109, 24.414062, 973.632812
-96.923828, 20.996094, 927.734375
-60.791016, 43.945312, 925.781250
-59.326172, 29.785156, 952.148438
-47.607422, 37.109375, 925.781250
-53.955078, 60.546875, 939.453125
-49.560547, 62.011719, 922.851562
-49.560547, 74.218750, 849.609375
-106.201172, 122.070312, 844.726562
-52.978516, 92.773438, 818.359375
-56.884766, 78.125000, 823.242188
-73.974609, 83.007812, 927.734375
-21.728516, 22.460938, 920.898438
-76.904297, 11.230469, 1014.648438
39.550781, -47.119141, 1026.855469
-2.685547, -56.396484, 1020.507812
49.316406, -103.759766, 1081.054688
-22.705078, -65.185547, 1077.148438
-25.146484, -72.998047, 1059.082031
-18.310547, -68.603516, 979.492188
27.343750, -101.806641, 936.523438
0.488281, -133.544922, 1004.882812
-50.048828, -528.076172, 941.406250
95.214844, -45.654297, 1000.488281
-,-,-
-34.423828, -14.404297, 1013.671875
80.078125, -78.857422, 1012.695312
-44.677734, -34.912109, 1126.464844
-18.310547, -51.025391, 1141.601562
1.464844, -22.216797, 1151.367188
10.742188, -35.400391, 1074.218750
4.882812, -35.888672, 1076.171875
0.488281, 26.367188, 1087.890625
8.300781, 15.625000, 1039.062500
-16.845703, 51.757812, 1071.289062
-41.259766, 55.664062, 1008.300781
-5.615234, 77.148438, 1044.921875
-22.705078, 95.703125, 953.125000
-23.681641, 118.652344, 960.937500
-7.080078, 125.976562, 899.902344
0.000000, 137.695312, 879.882812
-16.845703, 158.203125, 902.343750
-15.869141, 172.851562, 884.765625
-23.681641, 196.289062, 881.835938
10.742188, 201.660156, 885.742188
13.671875, 198.730469, 854.492188
-14.404297, 227.539062, 820.312500
-21.240234, 237.792969, 773.925781
-33.935547, 270.019531, 769.531250
-49.072266, 238.281250, 771.972656
-38.330078, 169.921875, 801.269531
18.554688, 174.804688, 850.585938
35.156250, 166.015625, 854.492188
70.312500, 134.277344, 916.992188
69.824219, 117.675781, 979.492188
-48.095703, 151.855469, 930.664062
71.777344, 48.828125, 1044.921875
-14.892578, 15.136719, 1183.593750
6.347656, 0.488281, 1132.812500
59.570312, -67.138672, 1105.468750
-,-,-
-4.150391, 3.906250, 1041.992188
21.484375, -22.216797, 1099.609375
-12.451172, 5.859375, 1118.164062
-30.029297, 20.507812, 1068.359375
11.718750, 21.484375, 1013.671875
33.691406, 58.593750, 983.398438
-1.220703, 111.328125, 977.539062
-30.029297, 142.578125, 885.742188
22.460938, 109.375000, 935.546875
30.273438, 136.230469, 951.171875
1.953125, 140.625000, 967.773438
-6.591797, 157.226562, 1016.601562
-18.310547, 152.832031, 950.195312
17.578125, 170.898438, 981.445312
-20.263672, 186.035156, 957.031250
24.414062, 192.382812, 914.062500
40.039062, 208.984375, 886.718750
9.765625, 223.632812, 849.609375
43.457031, 198.730469, 821.289062
16.113281, 221.191406, 798.828125
12.695312, 215.820312, 792.968750
18.066406, 193.359375, 781.250000
-9.033203, 170.410156, 853.515625
-34.912109, 156.738281, 912.109375
17.578125, 148.437500, 898.925781
51.757812, 137.695312, 907.226562
28.320312, 152.343750, 966.308594
0.488281, 182.128906, 913.085938
56.152344, 125.976562, 1051.757812
61.523438, 120.605469, 1051.757812
-42.724609, 128.906250, 885.742188
-35.400391, 115.234375, 1030.761719
60.546875, 45.898438, 1062.011719
22.460938, 81.054688, 1076.171875
32.714844, 99.121094, 983.398438
50.781250, 28.320312, 1024.902344
76.660156, 29.296875, 1055.664062
83.007812, -14.404297, 1041.015625
59.082031, -28.076172, 1180.664062
-,-,-
153.320312, -71.044922, 1007.812500
42.968750, -3.662109, 996.582031
12.695312, 8.789062, 1016.601562
-4.638672, -35.888672, 1042.968750
81.054688, -63.232422, 1159.667969
75.195312, -99.365234, 1273.437500
60.546875, -68.115234, 1246.093750
48.828125, -39.306641, 1138.671875
39.550781, -30.029297, 1084.960938
31.250000, 38.085938, 1078.125000
22.949219, 13.183594, 1014.648438
-9.033203, 49.804688, 1036.132812
44.921875, 50.292969, 958.007812
22.460938, 110.351562, 929.687500
10.742188, 143.554688, 879.882812
31.738281, 171.875000, 804.199219
30.761719, 191.406250, 800.781250
37.109375, 194.335938, 842.773438
35.156250, 217.285156, 777.343750
9.277344, 259.765625, 747.070312
1.464844, 279.296875, 726.562500
30.761719, 251.953125, 735.351562
-1.708984, 219.238281, 796.875000
46.386719, 171.386719, 916.015625
16.113281, 200.195312, 913.085938
46.386719, 164.062500, 885.742188
47.363281, 177.734375, 904.785156
-37.353516, 186.035156, 894.531250
-11.962891, 134.277344, 987.304688
-18.310547, 92.285156, 1020.507812
-132.568359, 278.320312, 1105.468750
0.488281, 69.335938, 1079.101562
-75.927734, 113.281250, 1062.011719
8.789062, 40.039062, 974.609375
8.789062, -31.005859, 1071.289062
-27.587891, -53.466797, 1042.968750
68.359375, -467.041016, 1668.945312
18.066406, 81.542969, 1004.882812
116.699219, -39.306641, 802.246094
-,-,-
-126.220703, 7.324219, 1012.695312
-28.076172, 44.921875, 986.328125
-43.701172, 16.601562, 986.328125
-15.869141, -14.404297, 1008.789062
-70.556641, 25.390625, 1009.765625
-35.888672, -25.146484, 1037.109375
36.132812, -68.115234, 1226.074219
45.898438, -67.138672, 1267.578125
-16.845703, 23.437500, 1183.593750
47.363281, -13.427734, 1101.562500
22.949219, 87.890625, 919.921875
-18.310547, 84.960938, 969.726562
57.617188, 22.460938, 1047.851562
-22.705078, 33.691406, 1031.738281
19.531250, 5.859375, 1045.898438
16.601562, 12.695312, 1012.695312
9.765625, 52.734375, 985.351562
49.316406, 46.875000, 944.335938
77.148438, 45.898438, 934.082031
63.476562, 69.335938, 914.062500
84.960938, 94.726562, 882.812500
50.292969, 155.273438, 835.449219
58.105469, 177.734375, 796.875000
16.113281, 210.937500, 709.960938
20.996094, 239.257812, 685.546875
31.738281, 225.585938, 616.210938
30.761719, 189.453125, 669.921875
17.089844, 121.093750, 799.804688
23.925781, 82.519531, 911.132812
66.406250, 55.175781, 934.082031
135.742188, 22.460938, 921.875000
130.859375, 42.968750, 1072.265625
67.871094, 41.992188, 902.832031
7.812500, 34.179688, 1135.742188
48.339844, -3.173828, 1218.261719
-38.330078, -24.169922, 1166.015625
50.781250, -52.001953, 1044.921875
216.796875, -1482.177734, 1302.734375
293.945312, -110.595703, 713.378906
28.808594, -52.490234, 925.292969
-40.283203, -25.146484, 1106.933594
-,-,-
-42.724609, -111.083984, 1037.109375
-30.029297, -84.228516, 1057.617188
-21.728516, -62.255859, 1098.144531
50.781250, -115.478516, 1164.550781
13.671875, -90.576172, 1114.257812
26.367188, -129.638672, 1204.101562
82.031250, -148.681641, 1218.750000
37.597656, -48.095703, 1072.265625
49.804688, 27.343750, 1017.578125
65.429688, 30.273438, 940.429688
71.289062, 65.429688, 959.472656
63.476562, 83.007812, 996.582031
22.949219, 97.167969, 974.609375
25.878906, 159.179688, 969.726562
34.179688, 190.429688, 896.484375
26.367188, 239.257812, 853.515625
47.363281, 249.023438, 851.562500
62.988281, 250.000000, 817.382812
64.941406, 268.554688, 795.898438
97.656250, 268.554688, 782.226562
89.355469, 267.578125, 739.746094
75.683594, 270.996094, 723.632812
93.750000, 254.394531, 750.000000
101.562500, 200.683594, 790.039062
40.527344, 225.585938, 871.582031
48.339844, 233.886719, 854.492188
102.050781, 202.636719, 839.355469
63.476562, 222.656250, 881.835938
-73.974609, 289.062500, 741.699219
159.667969, 96.679688, 904.785156
-57.861328, 167.968750, 1098.632812
143.066406, 6.347656, 1058.593750
30.761719, -107.177734, 1220.214844
-19.287109, 7.812500, 1122.070312
0.488281, 52.246094, 1118.164062
-125.732422, 137.207031, 1089.843750
-2.685547, -31.005859, 867.675781
83.007812, -101.806641, 981.445312
-75.927734, 541.992188, 1999.755859
46.875000, 10.742188, 553.710938
147.949219, -35.400391, 937.011719
-,-,-
18.554688, -13.427734, 1008.789062
65.917969, -41.748047, 1019.531250
48.828125, -46.630859, 1000.976562
19.531250, -112.060547, 1013.671875
30.273438, -86.181641, 1095.214844
120.605469, -192.138672, 1242.187500
82.031250, -145.263672, 1227.539062
71.289062, -77.880859, 1152.343750
77.148438, -79.833984, 1109.375000
61.035156, -33.447266, 1067.382812
49.316406, -26.123047, 1029.785156
65.429688, 5.859375, 1010.742188
23.925781, 51.269531, 969.726562
62.011719, 66.894531, 995.605469
81.054688, 71.289062, 943.359375
93.261719, 75.195312, 946.289062
94.238281, 106.445312, 942.382812
93.261719, 125.000000, 937.011719
94.238281, 133.789062, 901.855469
69.335938, 162.109375, 905.273438
80.566406, 173.828125, 877.929688
61.523438, 225.585938, 829.589844
33.691406, 253.417969, 775.390625
24.414062, 289.062500, 733.398438
15.136719, 247.070312, 706.542969
69.335938, 189.453125, 765.625000
47.363281, 175.781250, 844.726562
-1.708984, 181.640625, 882.812500
50.781250, 203.125000, 877.929688
83.984375, 150.878906, 863.769531
28.320312, 196.289062, 878.906250
125.976562, 136.230469, 884.765625
53.710938, 111.328125, 948.242188
36.132812, 91.796875, 970.703125
50.781250, 82.031250, 973.632812
42.968750, 40.039062, 1074.218750
70.800781, 40.039062, 1159.667969
-4.150391, 50.781250, 1143.554688
10.742188, 22.460938, 1121.093750
-21.728516, -6.591797, 1025.390625
-33.447266, -3.662109, 908.203125
32.714844, -72.998047, 905.761719
108.398438, -167.236328, 804.199219
-389.892578, -773.193359, 1999.755859
-,-,-
29.296875, -47.119141, 996.582031
-24.658203, -36.865234, 980.468750
-32.958984, -70.068359, 989.746094
64.453125, -116.455078, 1133.789062
-21.240234, -103.759766, 1277.343750
71.777344, -120.361328, 1345.703125
53.710938, -77.880859, 1236.328125
10.742188, -21.728516, 1127.441406
-5.615234, 18.066406, 1071.289062
-15.869141, 57.617188, 946.289062
19.531250, 68.359375, 1049.804688
43.945312, 48.339844, 987.304688
18.554688, 67.382812, 913.085938
64.453125, 53.710938, 949.218750
84.960938, 58.593750, 899.414062
19.531250, 99.609375, 853.515625
-10.986328, 154.296875, 851.562500
16.601562, 183.105469, 782.226562
-26.123047, 218.261719, 770.507812
-19.287109, 212.890625, 734.375000
-21.240234, 235.839844, 677.734375
14.648438, 203.125000, 705.566406
10.742188, 195.312500, 744.140625
-0.244141, 203.125000, 871.093750
5.371094, 160.156250, 897.460938
-46.142578, 211.914062, 821.289062
-131.591797, 242.187500, 915.039062
0.488281, 159.667969, 922.851562
17.578125, 139.160156, 1015.625000
21.484375, 121.582031, 1082.031250
56.152344, 98.632812, 1059.570312
44.921875, 61.523438, 1046.875000
65.429688, 52.246094, 1101.562500
-47.119141, 70.312500, 1109.375000
-112.060547, 113.281250, 1064.941406
-75.927734, 105.468750, 961.425781
1.953125, 22.460938, 961.425781
7.324219, 16.601562, 1008.789062
-30.029297, 0.976562, 993.652344
-64.697266, -32.470703, 995.117188
-95.947266, -985.595703, 1790.039062
-8.056641, 116.210938, 794.921875
0.488281, -27.099609, 907.226562
